2 966 1
2 104 1
6 1192 1
12 234 1
15 652 1
15 883 1
15 1239 1
16 301 1
16 509 1
18 1185 1
20 1441 1
20 1185 1
26 1179 1
26 60 1
27 74 1
29 965 1
29 298 1
29 1106 1
29 1398 1
29 436 1
29 892 1
29 1061 1
29 1350 1
29 989 1
29 1435 1
29 403 1
29 546 1
29 1159 1
29 1147 1
29 509 1
29 969 1
29 129 1
29 1481 1
29 568 1
29 716 1
29 188 1
29 628 1
35 1377 1
35 637 1
36 320 1
36 1229 1
38 483 1
38 272 1
38 795 1
47 1033 1
51 1406 1
57 239 1
58 965 1
60 26 1
60 733 1
60 775 1
61 182 1
61 263 1
63 1174 1
63 409 1
63 1274 1
66 1147 1
74 27 1
78 291 1
79 1153 1
79 739 1
79 1072 1
79 1249 1
79 188 1
79 315 1
79 426 1
79 355 1
79 863 1
79 842 1
79 782 1
79 282 1
80 509 1
80 683 1
80 1187 1
80 628 1
80 965 1
83 208 1
85 1055 1
86 43 1
88 862 1
89 129 1
89 403 1
89 509 1
89 410 1
89 298 1
89 1287 1
89 628 1
90 109 1
94 1495 1
95 1252 1
95 1292 1
95 1232 1
95 1021 1
95 96 1
96 95 1
99 188 1
99 712 1
103 368 1
109 1415 1
109 499 1
110 1491 1
114 509 1
114 1344 1
116 738 1
116 553 1
120 509 1
120 628 1
129 298 1
129 1160 1
129 1414 1
129 29 1
129 89 1
135 436 1
141 965 1
143 514 1
143 1207 1
146 23 1
146 264 1
146 1355 1
149 343 1
154 1288 1
154 898 1
154 372 1
154 1331 1
154 361 1
154 433 1
154 806 1
161 300 1
161 825 1
161 272 1
161 1298 1
162 1398 1
162 1034 1
163 1435 1
164 644 1
165 584 1
165 499 1
165 1415 1
165 752 1
165 361 1
165 516 1
165 433 1
165 1288 1
166 188 1
167 628 1
168 1216 1
168 630 1
174 872 1
182 263 1
182 61 1
188 1479 1
188 221 1
188 495 1
188 1022 1
188 509 1
188 905 1
188 1420 1
188 716 1
188 591 1
188 312 1
188 965 1
188 166 1
188 1398 1
188 1504 1
188 99 1
188 1361 1
188 402 1
188 989 1
188 478 1
188 29 1
188 782 1
188 1350 1
188 1327 1
188 552 1
188 150 1
188 491 1
188 1106 1
188 397 1
188 79 1
188 628 1
188 1137 1
188 1481 1
188 307 1
188 1435 1
188 436 1
191 1284 1
191 810 1
192 300 1
193 1157 1
196 448 1
199 1043 1
200 507 1
201 1197 1
201 395 1
201 319 1
208 83 1
210 6 1
213 1057 1
215 1200 1
215 1187 1
217 1242 1
220 825 1
221 188 1
221 1420 1
222 938 1
222 578 1
222 315 1
222 273 1
222 782 1
223 509 1
223 1147 1
223 489 1
223 1398 1
223 636 1
227 1208 1
227 448 1
227 457 1
227 345 1
227 196 1
228 718 1
228 1168 1
231 873 1
231 1039 1
232 477 1
238 509 1
240 1187 1
240 777 1
240 918 1
240 489 1
240 546 1
240 683 1
242 1435 1
242 1159 1
244 1078 1
249 984 1
254 298 1
256 1505 1
256 103 1
256 554 1
256 857 1
261 1342 1
261 188 1
261 1504 1
263 182 1
263 61 1
267 509 1
268 436 1
268 1417 1
269 962 1
269 927 1
269 125 1
272 1111 1
272 1131 1
272 300 1
272 571 1
272 1180 1
272 508 1
273 938 1
273 222 1
278 812 1
278 509 1
281 718 1
282 1249 1
282 79 1
282 628 1
282 355 1
282 315 1
282 6 1
282 1355 1
282 188 1
282 739 1
282 782 1
282 1302 1
282 863 1
282 452 1
282 716 1
282 1192 1
284 1288 1
284 1174 1
285 702 1
285 938 1
285 739 1
285 1398 1
285 1481 1
291 78 1
297 509 1
298 129 1
298 436 1
298 965 1
298 509 1
298 969 1
298 1159 1
298 254 1
298 188 1
298 160 1
298 89 1
298 1147 1
298 29 1
298 410 1
298 1398 1
298 1355 1
300 272 1
300 1466 1
300 161 1
300 849 1
300 795 1
300 310 1
300 764 1
300 702 1
300 192 1
300 938 1
301 16 1
304 798 1
305 683 1
306 226 1
306 1212 1
307 905 1
307 188 1
307 1273 1
307 631 1
310 300 1
310 1192 1
312 782 1
312 999 1
312 402 1
312 188 1
312 1348 1
312 282 1
312 426 1
312 858 1
313 29 1
313 716 1
313 892 1
313 903 1
313 568 1
313 509 1
313 188 1
313 628 1
313 436 1
314 918 1
315 79 1
315 188 1
315 355 1
315 1153 1
315 739 1
315 863 1
317 969 1
317 509 1
317 857 1
319 764 1
319 201 1
319 188 1
319 1059 1
319 1213 1
319 678 1
320 1299 1
320 1282 1
320 1229 1
320 36 1
328 337 1
336 533 1
340 1033 1
341 509 1
345 1272 1
345 554 1
345 94 1
353 445 1
353 535 1
353 1056 1
353 537 1
355 863 1
355 1014 1
355 1165 1
355 739 1
355 315 1
355 79 1
361 806 1
361 1331 1
361 1468 1
361 752 1
361 516 1
361 433 1
361 1288 1
361 165 1
361 1507 1
361 372 1
361 898 1
361 154 1
364 628 1
372 433 1
372 516 1
372 361 1
373 1482 1
378 771 1
380 379 1
380 1041 1
380 339 1
387 1039 1
395 188 1
395 628 1
395 1355 1
396 1466 1
397 616 1
397 868 1
397 580 1
397 694 1
397 188 1
397 489 1
397 1368 1
397 509 1
397 1060 1
399 1299 1
402 858 1
402 782 1
402 938 1
402 188 1
402 764 1
402 989 1
402 716 1
402 312 1
403 595 1
403 897 1
406 436 1
406 478 1
407 623 1
410 89 1
410 578 1
411 169 1
417 96 1
420 433 1
420 578 1
420 134 1
420 282 1
420 315 1
420 542 1
420 782 1
422 1249 1
423 428 1
423 106 1
425 1295 1
426 79 1
426 716 1
426 1249 1
426 1153 1
426 863 1
426 739 1
427 1104 1
427 313 1
428 423 1
428 1196 1
428 1439 1
430 1334 1
432 628 1
433 1507 1
433 516 1
433 154 1
433 636 1
433 769 1
433 1331 1
433 508 1
433 752 1
433 420 1
433 1388 1
433 1397 1
433 1415 1
433 499 1
433 1288 1
433 1018 1
433 861 1
433 361 1
433 1383 1
433 584 1
433 372 1
433 806 1
436 135 1
436 918 1
436 1416 1
436 716 1
436 29 1
436 478 1
436 509 1
436 188 1
436 725 1
436 546 1
436 628 1
436 160 1
436 1413 1
436 1398 1
436 268 1
436 406 1
441 508 1
445 535 1
445 353 1
445 537 1
445 1056 1
448 196 1
452 1420 1
452 1182 1
452 628 1
452 568 1
452 282 1
452 221 1
452 782 1
452 312 1
452 791 1
452 1202 1
452 1479 1
452 1137 1
457 294 1
463 698 1
464 1065 1
467 164 1
467 1158 1
468 170 1
472 509 1
477 232 1
477 577 1
478 546 1
478 918 1
478 436 1
478 1416 1
478 406 1
481 676 1
481 1212 1
483 38 1
484 702 1
485 633 1
485 1271 1
485 1225 1
485 873 1
485 1019 1
485 702 1
485 392 1
488 764 1
489 240 1
489 223 1
489 1187 1
489 397 1
489 509 1
489 931 1
489 546 1
489 777 1
490 1102 1
490 883 1
490 265 1
490 1140 1
490 1493 1
491 395 1
493 1040 1
496 1187 1
499 1018 1
499 584 1
499 177 1
499 516 1
499 1415 1
499 433 1
499 165 1
502 1187 1
503 327 1
506 739 1
508 938 1
508 433 1
508 1065 1
508 1407 1
508 272 1
508 441 1
509 188 1
509 617 1
509 278 1
509 1033 1
509 1427 1
509 489 1
509 114 1
509 89 1
509 1220 1
509 694 1
509 1147 1
509 618 1
509 574 1
509 965 1
509 931 1
509 80 1
509 1289 1
509 1078 1
509 297 1
509 223 1
509 1481 1
509 1276 1
509 1060 1
509 120 1
509 317 1
509 1463 1
509 1157 1
509 313 1
509 892 1
509 1206 1
509 1388 1
509 238 1
509 1336 1
509 1187 1
509 616 1
509 956 1
509 628 1
509 436 1
509 394 1
509 334 1
509 29 1
509 341 1
509 658 1
509 1149 1
509 986 1
509 472 1
509 1398 1
509 546 1
509 298 1
509 1392 1
509 1128 1
509 397 1
509 1104 1
509 1368 1
509 580 1
509 267 1
514 143 1
514 1207 1
516 372 1
516 165 1
516 1018 1
516 433 1
516 1415 1
516 499 1
521 598 1
524 1212 1
524 1360 1
528 671 1
528 957 1
528 1398 1
533 336 1
534 167 1
535 537 1
535 1056 1
535 353 1
535 445 1
537 1056 1
537 353 1
537 535 1
537 445 1
539 502 1
544 838 1
546 509 1
546 1202 1
546 965 1
546 1187 1
546 653 1
546 29 1
546 683 1
546 969 1
546 403 1
546 188 1
546 240 1
546 1147 1
546 478 1
546 489 1
546 436 1
546 223 1
546 918 1
546 628 1
546 716 1
546 777 1
546 123 1
546 931 1
546 1398 1
550 892 1
552 1327 1
552 188 1
553 116 1
556 319 1
562 1212 1
564 706 1
564 480 1
564 62 1
564 810 1
564 1003 1
568 29 1
568 313 1
568 319 1
568 221 1
568 188 1
568 1420 1
568 452 1
574 509 1
578 938 1
578 315 1
578 410 1
578 134 1
581 1104 1
584 165 1
584 1415 1
584 1018 1
584 433 1
584 499 1
591 188 1
593 1330 1
593 1166 1
593 1223 1
605 618 1
605 1149 1
605 1217 1
605 1205 1
606 1024 1
612 909 1
616 694 1
616 509 1
616 1434 1
616 397 1
616 617 1
617 509 1
617 616 1
618 1149 1
618 837 1
618 1205 1
618 605 1
618 640 1
618 509 1
618 1125 1
618 1217 1
619 114 1
620 938 1
623 776 1
624 942 1
628 1147 1
628 683 1
628 6 1
628 362 1
628 364 1
628 452 1
628 999 1
628 716 1
628 1423 1
628 89 1
628 120 1
628 1192 1
628 436 1
628 167 1
628 428 1
628 188 1
628 432 1
628 617 1
628 670 1
628 1159 1
628 509 1
628 1398 1
629 1159 1
629 628 1
629 428 1
629 1355 1
629 362 1
631 307 1
632 737 1
632 1304 1
632 1428 1
634 1481 1
636 223 1
636 1398 1
636 123 1
637 35 1
640 1205 1
640 1217 1
640 618 1
640 1149 1
640 605 1
644 164 1
645 1103 1
648 911 1
649 776 1
655 1301 1
655 93 1
659 272 1
659 312 1
661 1354 1
661 1344 1
666 546 1
666 812 1
670 628 1
670 702 1
670 546 1
670 804 1
671 528 1
672 1272 1
672 1360 1
676 1212 1
679 1441 1
683 80 1
683 240 1
683 546 1
683 305 1
684 1269 1
685 393 1
694 616 1
695 1019 1
698 1201 1
698 463 1
702 782 1
702 300 1
702 484 1
702 938 1
711 716 1
712 99 1
716 1398 1
716 1159 1
716 436 1
716 312 1
716 1147 1
716 188 1
716 1481 1
716 509 1
716 402 1
716 1350 1
716 1504 1
716 711 1
716 426 1
716 282 1
716 628 1
716 1348 1
716 989 1
716 29 1
718 228 1
718 1168 1
721 1294 1
725 580 1
725 711 1
725 478 1
725 1416 1
725 436 1
725 616 1
725 406 1
725 215 1
728 298 1
733 1456 1
735 1015 1
735 928 1
738 553 1
738 116 1
739 79 1
739 863 1
739 1249 1
739 315 1
739 506 1
739 1153 1
739 282 1
739 426 1
739 355 1
741 680 1
748 1040 1
748 337 1
752 806 1
752 1507 1
752 1018 1
752 433 1
752 177 1
759 1208 1
759 307 1
762 1202 1
764 488 1
764 938 1
764 402 1
764 858 1
764 300 1
769 433 1
769 361 1
771 378 1
772 210 1
773 905 1
773 272 1
773 1041 1
774 684 1
774 1269 1
776 649 1
776 1457 1
777 1187 1
782 858 1
782 634 1
782 355 1
782 315 1
782 863 1
782 1348 1
782 312 1
782 6 1
782 188 1
782 764 1
782 79 1
782 938 1
782 134 1
782 402 1
782 1192 1
782 509 1
782 999 1
790 448 1
790 909 1
791 1137 1
791 1041 1
795 300 1
798 563 1
798 304 1
804 702 1
804 739 1
805 929 1
806 1076 1
806 154 1
806 752 1
806 1507 1
807 1347 1
807 906 1
808 629 1
810 191 1
812 825 1
812 1204 1
812 666 1
812 278 1
813 867 1
814 319 1
824 61 1
824 1000 1
824 1201 1
824 13 1
824 702 1
825 188 1
825 812 1
825 1064 1
825 161 1
825 272 1
825 1033 1
826 96 1
828 720 1
830 1168 1
837 618 1
838 544 1
842 215 1
842 1034 1
842 653 1
842 546 1
842 945 1
842 79 1
842 1125 1
842 618 1
843 84 1
847 865 1
847 989 1
849 300 1
849 402 1
853 319 1
853 315 1
853 764 1
853 782 1
853 938 1
857 256 1
857 605 1
857 1149 1
857 1369 1
857 473 1
859 1088 1
862 489 1
862 88 1
862 1307 1
863 79 1
863 782 1
863 355 1
863 426 1
863 282 1
863 739 1
867 813 1
867 628 1
873 1062 1
883 1033 1
883 849 1
892 509 1
892 969 1
892 188 1
892 1147 1
892 1159 1
892 550 1
892 1398 1
892 313 1
892 436 1
892 745 1
892 1016 1
892 965 1
892 1481 1
892 29 1
892 321 1
897 403 1
897 595 1
898 433 1
898 1288 1
898 752 1
898 361 1
898 1507 1
898 806 1
898 154 1
900 458 1
905 188 1
905 1273 1
906 999 1
911 648 1
911 949 1
914 1183 1
918 478 1
918 436 1
918 240 1
918 123 1
918 546 1
918 223 1
918 965 1
928 1015 1
929 805 1
931 489 1
931 1187 1
931 509 1
938 853 1
938 300 1
938 1033 1
938 402 1
938 508 1
938 702 1
938 578 1
938 273 1
938 1160 1
938 764 1
938 999 1
938 1508 1
938 782 1
938 858 1
941 1162 1
942 755 1
942 961 1
942 624 1
947 985 1
948 147 1
949 648 1
949 911 1
956 803 1
956 562 1
956 509 1
957 1398 1
961 942 1
961 624 1
963 535 1
965 975 1
965 141 1
965 1311 1
965 58 1
965 29 1
965 509 1
965 918 1
965 298 1
965 919 1
965 221 1
965 892 1
965 546 1
965 1398 1
965 1147 1
965 188 1
965 80 1
965 1187 1
966 2 1
969 628 1
969 1147 1
969 29 1
969 188 1
969 1159 1
969 298 1
969 1398 1
969 509 1
969 436 1
969 892 1
969 1187 1
969 546 1
969 965 1
969 716 1
969 1435 1
970 234 1
974 1174 1
975 965 1
978 977 1
978 92 1
978 732 1
978 29 1
979 1168 1
983 830 1
983 1074 1
983 1168 1
983 228 1
983 147 1
984 249 1
986 509 1
989 716 1
989 312 1
989 402 1
989 188 1
989 858 1
989 865 1
992 1149 1
999 312 1
999 188 1
999 1348 1
999 628 1
1000 623 1
1001 682 1
1002 298 1
1002 898 1
1002 683 1
1002 80 1
1013 1371 1
1014 580 1
1014 1417 1
1014 503 1
1014 355 1
1014 509 1
1014 416 1
1014 658 1
1014 702 1
1015 928 1
1015 42 1
1016 892 1
1017 94 1
1018 516 1
1018 584 1
1018 499 1
1018 752 1
1018 433 1
1018 1415 1
1019 1232 1
1019 695 1
1019 485 1
1020 71 1
1020 100 1
1021 95 1
1022 188 1
1024 606 1
1024 1228 1
1033 764 1
1033 938 1
1034 162 1
1034 842 1
1039 231 1
1039 873 1
1039 1437 1
1039 387 1
1040 493 1
1041 1418 1
1041 1481 1
1042 1149 1
1042 605 1
1043 199 1
1048 195 1
1048 395 1
1056 353 1
1056 535 1
1056 537 1
1056 445 1
1057 607 1
1060 509 1
1061 29 1
1062 1495 1
1064 825 1
1065 464 1
1065 764 1
1065 1178 1
1065 319 1
1065 508 1
1065 315 1
1072 1249 1
1072 79 1
1074 983 1
1076 806 1
1078 509 1
1078 1114 1
1080 1154 1
1081 476 1
1088 859 1
1088 285 1
1094 274 1
1094 1459 1
1094 696 1
1094 1500 1
1094 253 1
1094 741 1
1094 857 1
1094 159 1
1094 329 1
1094 295 1
1094 703 1
1094 32 1
1094 1344 1
1101 1091 1
1101 707 1
1103 645 1
1104 509 1
1104 581 1
1104 628 1
1104 313 1
1106 188 1
1106 29 1
1111 272 1
1112 825 1
1123 638 1
1125 1205 1
1125 618 1
1125 640 1
1125 1149 1
1128 509 1
1131 272 1
1135 1235 1
1137 188 1
1137 452 1
1137 1479 1
1140 224 1
1140 490 1
1142 1205 1
1142 718 1
1142 741 1
1142 1500 1
1147 546 1
1147 969 1
1147 628 1
1147 403 1
1147 1159 1
1147 188 1
1147 298 1
1147 312 1
1147 29 1
1147 965 1
1147 509 1
1147 716 1
1147 66 1
1147 1398 1
1147 1481 1
1147 223 1
1147 362 1
1147 80 1
1147 1488 1
1147 892 1
1149 705 1
1149 640 1
1149 1205 1
1149 849 1
1149 254 1
1149 1042 1
1149 618 1
1149 1217 1
1149 605 1
1149 739 1
1149 1125 1
1149 876 1
1149 382 1
1149 473 1
1149 837 1
1149 471 1
1149 509 1
1153 739 1
1153 1249 1
1153 315 1
1153 332 1
1153 426 1
1153 79 1
1154 1080 1
1154 1061 1
1157 323 1
1157 509 1
1157 1194 1
1157 1338 1
1157 193 1
1159 1147 1
1159 969 1
1159 242 1
1159 298 1
1159 1444 1
1159 29 1
1159 628 1
1160 938 1
1160 782 1
1160 312 1
1162 1223 1
1162 1330 1
1165 1348 1
1165 355 1
1165 188 1
1165 1249 1
1168 979 1
1168 228 1
1168 830 1
1168 718 1
1171 1170 1
1173 91 1
1173 877 1
1173 1333 1
1174 63 1
1176 1398 1
1178 1357 1
1178 1065 1
1178 428 1
1178 1132 1
1178 484 1
1178 877 1
1179 26 1
1180 272 1
1183 914 1
1185 20 1
1185 18 1
1187 496 1
1187 240 1
1187 215 1
1187 509 1
1187 777 1
1187 294 1
1187 123 1
1187 502 1
1187 628 1
1187 931 1
1187 1200 1
1187 348 1
1187 80 1
1187 965 1
1187 546 1
1187 489 1
1187 223 1
1187 1398 1
1191 1327 1
1192 6 1
1192 938 1
1195 1169 1
1195 151 1
1196 986 1
1196 883 1
1196 428 1
1196 448 1
1196 509 1
1197 201 1
1199 754 1
1200 1187 1
1200 215 1
1200 240 1
1201 1193 1
1202 1357 1
1202 403 1
1202 221 1
1202 112 1
1202 1420 1
1202 762 1
1202 546 1
1202 452 1
1202 628 1
1202 1167 1
1202 1423 1
1204 812 1
1205 1217 1
1205 1149 1
1206 509 1
1207 514 1
1208 227 1
1208 759 1
1212 481 1
1212 562 1
1212 226 1
1212 524 1
1212 1360 1
1212 676 1
1212 1248 1
1217 618 1
1217 1205 1
1220 509 1
1220 29 1
1220 626 1
1220 1335 1
1223 593 1
1223 1330 1
1223 1166 1
1223 1162 1
1223 1243 1
1226 147 1
1228 1024 1
1228 606 1
1229 320 1
1229 1348 1
1232 1335 1
1232 1505 1
1232 95 1
1232 1019 1
1243 1223 1
1244 115 1
1249 1072 1
1249 79 1
1249 791 1
1249 282 1
1249 362 1
1249 1153 1
1249 739 1
1249 426 1
1249 428 1
1249 422 1
1249 315 1
1249 1165 1
1252 95 1
1252 1089 1
1255 999 1
1255 1147 1
1262 1360 1
1269 175 1
1269 684 1
1269 774 1
1272 345 1
1273 905 1
1275 532 1
1276 883 1
1276 509 1
1276 1203 1
1278 832 1
1278 241 1
1278 986 1
1278 1344 1
1278 114 1
1278 1505 1
1281 272 1
1282 320 1
1288 806 1
1288 154 1
1288 361 1
1288 433 1
1288 1331 1
1288 284 1
1288 898 1
1288 1507 1
1288 165 1
1288 372 1
1288 516 1
1288 1468 1
1289 320 1
1289 509 1
1289 628 1
1292 324 1
1292 95 1
1295 425 1
1298 1500 1
1298 161 1
1298 489 1
1299 399 1
1301 93 1
1306 1186 1
1306 1500 1
1307 626 1
1321 147 1
1325 1355 1
1327 188 1
1327 1191 1
1327 552 1
1329 724 1
1329 1360 1
1330 1223 1
1331 1288 1
1331 1018 1
1331 154 1
1331 433 1
1332 995 1
1333 29 1
1333 616 1
1333 877 1
1333 845 1
1333 1079 1
1333 509 1
1333 1168 1
1333 681 1
1333 1208 1
1333 91 1
1334 430 1
1336 1032 1
1336 509 1
1336 946 1
1338 1157 1
1342 1366 1
1342 1504 1
1342 261 1
1344 114 1
1346 1406 1
1348 716 1
1348 999 1
1348 312 1
1350 188 1
1355 1325 1
1355 395 1
1355 629 1
1355 146 1
1357 1398 1
1359 1387 1
1359 873 1
1360 1329 1
1360 524 1
1360 1212 1
1361 591 1
1361 188 1
1366 1342 1
1369 857 1
1371 1013 1
1371 319 1
1371 222 1
1379 1377 1
1379 35 1
1387 825 1
1388 433 1
1388 509 1
1392 1336 1
1392 509 1
1395 302 1
1398 1176 1
1398 188 1
1398 1357 1
1398 716 1
1398 636 1
1398 1147 1
1398 546 1
1398 509 1
1398 528 1
1398 965 1
1398 29 1
1398 223 1
1398 957 1
1398 1481 1
1398 1432 1
1398 436 1
1398 160 1
1398 1187 1
1398 628 1
1398 298 1
1402 740 1
1402 578 1
1402 464 1
1403 1411 1
1406 51 1
1406 1346 1
1406 4 1
1406 509 1
1407 441 1
1407 508 1
1410 1411 1
1411 1403 1
1412 1075 1
1413 436 1
1413 683 1
1415 109 1
1415 584 1
1415 499 1
1415 516 1
1415 433 1
1415 1018 1
1415 165 1
1416 478 1
1416 436 1
1417 1466 1
1418 1041 1
1420 1202 1
1420 568 1
1420 221 1
1420 452 1
1422 1373 1
1424 1016 1
1424 1242 1
1424 1272 1
1427 509 1
1432 1398 1
1435 242 1
1435 29 1
1435 969 1
1435 188 1
1437 1039 1
1439 428 1
1443 433 1
1444 1159 1
1458 554 1
1458 663 1
1458 448 1
1459 1094 1
1463 509 1
1464 883 1
1466 1417 1
1466 396 1
1466 300 1
1466 938 1
1468 1507 1
1468 372 1
1468 1288 1
1469 979 1
1469 1492 1
1469 1498 1
1469 384 1
1478 285 1
1479 792 1
1479 1137 1
1479 188 1
1479 1182 1
1480 1360 1
1481 634 1
1481 188 1
1481 1041 1
1481 1147 1
1481 29 1
1481 509 1
1481 716 1
1481 436 1
1488 1147 1
1491 110 1
1493 490 1
1494 1360 1
1494 1039 1
1494 524 1
1495 1062 1
1504 261 1
1504 716 1
1504 188 1
1504 1342 1
1504 221 1
1504 166 1
1507 372 1
1507 752 1
1507 1468 1
1507 1288 1
1507 433 1
1507 806 1
1507 361 1
1508 1187 1
1508 509 1
1508 938 1
1 2 0
2 1 0
3 1 0
4 1 0
5 1 0
6 1 0
7 1 0
8 1 0
9 1 0
10 1 0
11 1 0
12 1 0
13 1 0
14 1 0
15 1 0
16 1 0
17 1 0
18 1 0
19 1 0
20 1 0
21 1 0
22 1 0
23 1 0
24 1 0
25 1 0
26 1 0
27 1 0
28 1 0
29 1 0
30 1 0
31 1 0
32 1 0
33 1 0
34 1 0
35 1 0
36 1 0
37 1 0
38 1 0
39 1 0
40 1 0
41 1 0
42 1 0
43 1 0
44 1 0
45 1 0
46 1 0
47 1 0
48 1 0
49 1 0
50 1 0
51 1 0
52 1 0
53 1 0
54 1 0
55 1 0
56 1 0
57 1 0
58 1 0
59 1 0
60 1 0
61 1 0
62 1 0
63 1 0
64 1 0
65 1 0
66 1 0
67 1 0
68 1 0
69 1 0
70 1 0
71 1 0
72 1 0
73 1 0
74 1 0
75 1 0
76 1 0
77 1 0
78 1 0
79 1 0
80 1 0
81 1 0
82 1 0
83 1 0
84 1 0
85 1 0
86 1 0
87 1 0
88 1 0
89 1 0
90 1 0
91 1 0
92 1 0
93 1 0
94 1 0
95 1 0
96 1 0
97 1 0
98 1 0
99 1 0
100 1 0
101 1 0
102 1 0
103 1 0
104 1 0
105 1 0
106 1 0
107 1 0
108 1 0
109 1 0
110 1 0
111 1 0
112 1 0
113 1 0
114 1 0
115 1 0
116 1 0
117 1 0
118 1 0
119 1 0
120 1 0
121 1 0
122 1 0
123 1 0
124 1 0
125 1 0
126 1 0
127 1 0
128 1 0
129 1 0
130 1 0
131 1 0
132 1 0
133 1 0
134 1 0
135 1 0
136 1 0
137 1 0
138 1 0
139 1 0
140 1 0
141 1 0
142 1 0
143 1 0
144 1 0
145 1 0
146 1 0
147 1 0
148 1 0
149 1 0
150 1 0
151 1 0
152 1 0
153 1 0
154 1 0
155 1 0
156 1 0
157 1 0
158 1 0
159 1 0
160 1 0
161 1 0
162 1 0
163 1 0
164 1 0
165 1 0
166 1 0
167 1 0
168 1 0
169 1 0
170 1 0
171 1 0
172 1 0
173 1 0
174 1 0
175 1 0
176 1 0
177 1 0
178 1 0
179 1 0
180 1 0
181 1 0
182 1 0
183 1 0
184 1 0
185 1 0
186 1 0
187 1 0
188 1 0
189 1 0
190 1 0
191 1 0
192 1 0
193 1 0
194 1 0
195 1 0
196 1 0
197 1 0
198 1 0
199 1 0
200 1 0
201 1 0
202 1 0
203 1 0
204 1 0
205 1 0
206 1 0
207 1 0
208 1 0
209 1 0
210 1 0
211 1 0
212 1 0
213 1 0
214 1 0
215 1 0
216 1 0
217 1 0
218 1 0
219 1 0
220 1 0
221 1 0
222 1 0
223 1 0
224 1 0
225 1 0
226 1 0
227 1 0
228 1 0
229 1 0
230 1 0
231 1 0
232 1 0
233 1 0
234 1 0
235 1 0
236 1 0
237 1 0
238 1 0
239 1 0
240 1 0
241 1 0
242 1 0
243 1 0
244 1 0
245 1 0
246 1 0
247 1 0
248 1 0
249 1 0
250 1 0
251 1 0
252 1 0
253 1 0
254 1 0
255 1 0
256 1 0
257 1 0
258 1 0
259 1 0
260 1 0
261 1 0
262 1 0
263 1 0
264 1 0
265 1 0
266 1 0
267 1 0
268 1 0
269 1 0
270 1 0
271 1 0
272 1 0
273 1 0
274 1 0
275 1 0
276 1 0
277 1 0
278 1 0
279 1 0
280 1 0
281 1 0
282 1 0
283 1 0
284 1 0
285 1 0
286 1 0
287 1 0
288 1 0
289 1 0
290 1 0
291 1 0
292 1 0
293 1 0
294 1 0
295 1 0
296 1 0
297 1 0
298 1 0
299 1 0
300 1 0
301 1 0
302 1 0
303 1 0
304 1 0
305 1 0
306 1 0
307 1 0
308 1 0
309 1 0
310 1 0
311 1 0
312 1 0
313 1 0
314 1 0
315 1 0
316 1 0
317 1 0
318 1 0
319 1 0
320 1 0
321 1 0
322 1 0
323 1 0
324 1 0
325 1 0
326 1 0
327 1 0
328 1 0
329 1 0
330 1 0
331 1 0
332 1 0
333 1 0
334 1 0
335 1 0
336 1 0
337 1 0
338 1 0
339 1 0
340 1 0
341 1 0
342 1 0
343 1 0
344 1 0
345 1 0
346 1 0
347 1 0
348 1 0
349 1 0
350 1 0
351 1 0
352 1 0
353 1 0
354 1 0
355 1 0
356 1 0
357 1 0
358 1 0
359 1 0
360 1 0
361 1 0
362 1 0
363 1 0
364 1 0
365 1 0
366 1 0
367 1 0
368 1 0
369 1 0
370 1 0
371 1 0
372 1 0
373 1 0
374 1 0
375 1 0
376 1 0
377 1 0
378 1 0
379 1 0
380 1 0
381 1 0
382 1 0
383 1 0
384 1 0
385 1 0
386 1 0
387 1 0
388 1 0
389 1 0
390 1 0
391 1 0
392 1 0
393 1 0
394 1 0
395 1 0
396 1 0
397 1 0
398 1 0
399 1 0
400 1 0
401 1 0
402 1 0
403 1 0
404 1 0
405 1 0
406 1 0
407 1 0
408 1 0
409 1 0
410 1 0
411 1 0
412 1 0
413 1 0
414 1 0
415 1 0
416 1 0
417 1 0
418 1 0
419 1 0
420 1 0
421 1 0
422 1 0
423 1 0
424 1 0
425 1 0
426 1 0
427 1 0
428 1 0
429 1 0
430 1 0
431 1 0
432 1 0
433 1 0
434 1 0
435 1 0
436 1 0
437 1 0
438 1 0
439 1 0
440 1 0
441 1 0
442 1 0
443 1 0
444 1 0
445 1 0
446 1 0
447 1 0
448 1 0
449 1 0
450 1 0
451 1 0
452 1 0
453 1 0
454 1 0
455 1 0
456 1 0
457 1 0
458 1 0
459 1 0
460 1 0
461 1 0
462 1 0
463 1 0
464 1 0
465 1 0
466 1 0
467 1 0
468 1 0
469 1 0
470 1 0
471 1 0
472 1 0
473 1 0
474 1 0
475 1 0
476 1 0
477 1 0
478 1 0
479 1 0
480 1 0
481 1 0
482 1 0
483 1 0
484 1 0
485 1 0
486 1 0
487 1 0
488 1 0
489 1 0
490 1 0
491 1 0
492 1 0
493 1 0
494 1 0
495 1 0
496 1 0
497 1 0
498 1 0
499 1 0
500 1 0
501 1 0
502 1 0
503 1 0
504 1 0
505 1 0
506 1 0
507 1 0
508 1 0
509 1 0
510 1 0
511 1 0
512 1 0
513 1 0
514 1 0
515 1 0
516 1 0
517 1 0
518 1 0
519 1 0
520 1 0
521 1 0
522 1 0
523 1 0
524 1 0
525 1 0
526 1 0
527 1 0
528 1 0
529 1 0
530 1 0
531 1 0
532 1 0
533 1 0
534 1 0
535 1 0
536 1 0
537 1 0
538 1 0
539 1 0
540 1 0
541 1 0
542 1 0
543 1 0
544 1 0
545 1 0
546 1 0
547 1 0
548 1 0
549 1 0
550 1 0
551 1 0
552 1 0
553 1 0
554 1 0
555 1 0
556 1 0
557 1 0
558 1 0
559 1 0
560 1 0
561 1 0
562 1 0
563 1 0
564 1 0
565 1 0
566 1 0
567 1 0
568 1 0
569 1 0
570 1 0
571 1 0
572 1 0
573 1 0
574 1 0
575 1 0
576 1 0
577 1 0
578 1 0
579 1 0
580 1 0
581 1 0
582 1 0
583 1 0
584 1 0
585 1 0
586 1 0
587 1 0
588 1 0
589 1 0
590 1 0
591 1 0
592 1 0
593 1 0
594 1 0
595 1 0
596 1 0
597 1 0
598 1 0
599 1 0
600 1 0
601 1 0
602 1 0
603 1 0
604 1 0
605 1 0
606 1 0
607 1 0
608 1 0
609 1 0
610 1 0
611 1 0
612 1 0
613 1 0
614 1 0
615 1 0
616 1 0
617 1 0
618 1 0
619 1 0
620 1 0
621 1 0
622 1 0
623 1 0
624 1 0
625 1 0
626 1 0
627 1 0
628 1 0
629 1 0
630 1 0
631 1 0
632 1 0
633 1 0
634 1 0
635 1 0
636 1 0
637 1 0
638 1 0
639 1 0
640 1 0
641 1 0
642 1 0
643 1 0
644 1 0
645 1 0
646 1 0
647 1 0
648 1 0
649 1 0
650 1 0
651 1 0
652 1 0
653 1 0
654 1 0
655 1 0
656 1 0
657 1 0
658 1 0
659 1 0
660 1 0
661 1 0
662 1 0
663 1 0
664 1 0
665 1 0
666 1 0
667 1 0
668 1 0
669 1 0
670 1 0
671 1 0
672 1 0
673 1 0
674 1 0
675 1 0
676 1 0
677 1 0
678 1 0
679 1 0
680 1 0
681 1 0
682 1 0
683 1 0
684 1 0
685 1 0
686 1 0
687 1 0
688 1 0
689 1 0
690 1 0
691 1 0
692 1 0
693 1 0
694 1 0
695 1 0
696 1 0
697 1 0
698 1 0
699 1 0
700 1 0
701 1 0
702 1 0
703 1 0
704 1 0
705 1 0
706 1 0
707 1 0
708 1 0
709 1 0
710 1 0
711 1 0
712 1 0
713 1 0
714 1 0
715 1 0
716 1 0
717 1 0
718 1 0
719 1 0
720 1 0
721 1 0
722 1 0
723 1 0
724 1 0
725 1 0
726 1 0
727 1 0
728 1 0
729 1 0
730 1 0
731 1 0
732 1 0
733 1 0
734 1 0
735 1 0
736 1 0
737 1 0
738 1 0
739 1 0
740 1 0
741 1 0
742 1 0
743 1 0
744 1 0
745 1 0
746 1 0
747 1 0
748 1 0
749 1 0
750 1 0
751 1 0
752 1 0
753 1 0
754 1 0
755 1 0
756 1 0
757 1 0
758 1 0
759 1 0
760 1 0
761 1 0
762 1 0
763 1 0
764 1 0
765 1 0
766 1 0
767 1 0
768 1 0
769 1 0
770 1 0
771 1 0
772 1 0
773 1 0
774 1 0
775 1 0
776 1 0
777 1 0
778 1 0
779 1 0
780 1 0
781 1 0
782 1 0
783 1 0
784 1 0
785 1 0
786 1 0
787 1 0
788 1 0
789 1 0
790 1 0
791 1 0
792 1 0
793 1 0
794 1 0
795 1 0
796 1 0
797 1 0
798 1 0
799 1 0
800 1 0
801 1 0
802 1 0
803 1 0
804 1 0
805 1 0
806 1 0
807 1 0
808 1 0
809 1 0
810 1 0
811 1 0
812 1 0
813 1 0
814 1 0
815 1 0
816 1 0
817 1 0
818 1 0
819 1 0
820 1 0
821 1 0
822 1 0
823 1 0
824 1 0
825 1 0
826 1 0
827 1 0
828 1 0
829 1 0
830 1 0
831 1 0
832 1 0
833 1 0
834 1 0
835 1 0
836 1 0
837 1 0
838 1 0
839 1 0
840 1 0
841 1 0
842 1 0
843 1 0
844 1 0
845 1 0
846 1 0
847 1 0
848 1 0
849 1 0
850 1 0
851 1 0
852 1 0
853 1 0
854 1 0
855 1 0
856 1 0
857 1 0
858 1 0
859 1 0
860 1 0
861 1 0
862 1 0
863 1 0
864 1 0
865 1 0
866 1 0
867 1 0
868 1 0
869 1 0
870 1 0
871 1 0
872 1 0
873 1 0
874 1 0
875 1 0
876 1 0
877 1 0
878 1 0
879 1 0
880 1 0
881 1 0
882 1 0
883 1 0
884 1 0
885 1 0
886 1 0
887 1 0
888 1 0
889 1 0
890 1 0
891 1 0
892 1 0
893 1 0
894 1 0
895 1 0
896 1 0
897 1 0
898 1 0
899 1 0
900 1 0
901 1 0
902 1 0
903 1 0
904 1 0
905 1 0
906 1 0
907 1 0
908 1 0
909 1 0
910 1 0
911 1 0
912 1 0
913 1 0
914 1 0
915 1 0
916 1 0
917 1 0
918 1 0
919 1 0
920 1 0
921 1 0
922 1 0
923 1 0
924 1 0
925 1 0
926 1 0
927 1 0
928 1 0
929 1 0
930 1 0
931 1 0
932 1 0
933 1 0
934 1 0
935 1 0
936 1 0
937 1 0
938 1 0
939 1 0
940 1 0
941 1 0
942 1 0
943 1 0
944 1 0
945 1 0
946 1 0
947 1 0
948 1 0
949 1 0
950 1 0
951 1 0
952 1 0
953 1 0
954 1 0
955 1 0
956 1 0
957 1 0
958 1 0
959 1 0
960 1 0
961 1 0
962 1 0
963 1 0
964 1 0
965 1 0
966 1 0
967 1 0
968 1 0
969 1 0
970 1 0
971 1 0
972 1 0
973 1 0
974 1 0
975 1 0
976 1 0
977 1 0
978 1 0
979 1 0
980 1 0
981 1 0
982 1 0
983 1 0
984 1 0
985 1 0
986 1 0
987 1 0
988 1 0
989 1 0
990 1 0
991 1 0
992 1 0
993 1 0
994 1 0
995 1 0
996 1 0
997 1 0
998 1 0
999 1 0
1000 1 0
1001 1 0
1002 1 0
1003 1 0
1004 1 0
1005 1 0
1006 1 0
1007 1 0
1008 1 0
1009 1 0
1010 1 0
1011 1 0
1012 1 0
1013 1 0
1014 1 0
1015 1 0
1016 1 0
1017 1 0
1018 1 0
1019 1 0
1020 1 0
1021 1 0
1022 1 0
1023 1 0
1024 1 0
1025 1 0
1026 1 0
1027 1 0
1028 1 0
1029 1 0
1030 1 0
1031 1 0
1032 1 0
1033 1 0
1034 1 0
1035 1 0
1036 1 0
1037 1 0
1038 1 0
1039 1 0
1040 1 0
1041 1 0
1042 1 0
1043 1 0
1044 1 0
1045 1 0
1046 1 0
1047 1 0
1048 1 0
1049 1 0
1050 1 0
1051 1 0
1052 1 0
1053 1 0
1054 1 0
1055 1 0
1056 1 0
1057 1 0
1058 1 0
1059 1 0
1060 1 0
1061 1 0
1062 1 0
1063 1 0
1064 1 0
1065 1 0
1066 1 0
1067 1 0
1068 1 0
1069 1 0
1070 1 0
1071 1 0
1072 1 0
1073 1 0
1074 1 0
1075 1 0
1076 1 0
1077 1 0
1078 1 0
1079 1 0
1080 1 0
1081 1 0
1082 1 0
1083 1 0
1084 1 0
1085 1 0
1086 1 0
1087 1 0
1088 1 0
1089 1 0
1090 1 0
1091 1 0
1092 1 0
1093 1 0
1094 1 0
1095 1 0
1096 1 0
1097 1 0
1098 1 0
1099 1 0
1100 1 0
1101 1 0
1102 1 0
1103 1 0
1104 1 0
1105 1 0
1106 1 0
1107 1 0
1108 1 0
1109 1 0
1110 1 0
1111 1 0
1112 1 0
1113 1 0
1114 1 0
1115 1 0
1116 1 0
1117 1 0
1118 1 0
1119 1 0
1120 1 0
1121 1 0
1122 1 0
1123 1 0
1124 1 0
1125 1 0
1126 1 0
1127 1 0
1128 1 0
1129 1 0
1130 1 0
1131 1 0
1132 1 0
1133 1 0
1134 1 0
1135 1 0
1136 1 0
1137 1 0
1138 1 0
1139 1 0
1140 1 0
1141 1 0
1142 1 0
1143 1 0
1144 1 0
1145 1 0
1146 1 0
1147 1 0
1148 1 0
1149 1 0
1150 1 0
1151 1 0
1152 1 0
1153 1 0
1154 1 0
1155 1 0
1156 1 0
1157 1 0
1158 1 0
1159 1 0
1160 1 0
1161 1 0
1162 1 0
1163 1 0
1164 1 0
1165 1 0
1166 1 0
1167 1 0
1168 1 0
1169 1 0
1170 1 0
1171 1 0
1172 1 0
1173 1 0
1174 1 0
1175 1 0
1176 1 0
1177 1 0
1178 1 0
1179 1 0
1180 1 0
1181 1 0
1182 1 0
1183 1 0
1184 1 0
1185 1 0
1186 1 0
1187 1 0
1188 1 0
1189 1 0
1190 1 0
1191 1 0
1192 1 0
1193 1 0
1194 1 0
1195 1 0
1196 1 0
1197 1 0
1198 1 0
1199 1 0
1200 1 0
1201 1 0
1202 1 0
1203 1 0
1204 1 0
1205 1 0
1206 1 0
1207 1 0
1208 1 0
1209 1 0
1210 1 0
1211 1 0
1212 1 0
1213 1 0
1214 1 0
1215 1 0
1216 1 0
1217 1 0
1218 1 0
1219 1 0
1220 1 0
1221 1 0
1222 1 0
1223 1 0
1224 1 0
1225 1 0
1226 1 0
1227 1 0
1228 1 0
1229 1 0
1230 1 0
1231 1 0
1232 1 0
1233 1 0
1234 1 0
1235 1 0
1236 1 0
1237 1 0
1238 1 0
1239 1 0
1240 1 0
1241 1 0
1242 1 0
1243 1 0
1244 1 0
1245 1 0
1246 1 0
1247 1 0
1248 1 0
1249 1 0
1250 1 0
1251 1 0
1252 1 0
1253 1 0
1254 1 0
1255 1 0
1256 1 0
1257 1 0
1258 1 0
1259 1 0
1260 1 0
1261 1 0
1262 1 0
1263 1 0
1264 1 0
1265 1 0
1266 1 0
1267 1 0
1268 1 0
1269 1 0
1270 1 0
1271 1 0
1272 1 0
1273 1 0
1274 1 0
1275 1 0
1276 1 0
1277 1 0
1278 1 0
1279 1 0
1280 1 0
1281 1 0
1282 1 0
1283 1 0
1284 1 0
1285 1 0
1286 1 0
1287 1 0
1288 1 0
1289 1 0
1290 1 0
1291 1 0
1292 1 0
1293 1 0
1294 1 0
1295 1 0
1296 1 0
1297 1 0
1298 1 0
1299 1 0
1300 1 0
1301 1 0
1302 1 0
1303 1 0
1304 1 0
1305 1 0
1306 1 0
1307 1 0
1308 1 0
1309 1 0
1310 1 0
1311 1 0
1312 1 0
1313 1 0
1314 1 0
1315 1 0
1316 1 0
1317 1 0
1318 1 0
1319 1 0
1320 1 0
1321 1 0
1322 1 0
1323 1 0
1324 1 0
1325 1 0
1326 1 0
1327 1 0
1328 1 0
1329 1 0
1330 1 0
1331 1 0
1332 1 0
1333 1 0
1334 1 0
1335 1 0
1336 1 0
1337 1 0
1338 1 0
1339 1 0
1340 1 0
1341 1 0
1342 1 0
1343 1 0
1344 1 0
1345 1 0
1346 1 0
1347 1 0
1348 1 0
1349 1 0
1350 1 0
1351 1 0
1352 1 0
1353 1 0
1354 1 0
1355 1 0
1356 1 0
1357 1 0
1358 1 0
1359 1 0
1360 1 0
1361 1 0
1362 1 0
1363 1 0
1364 1 0
1365 1 0
1366 1 0
1367 1 0
1368 1 0
1369 1 0
1370 1 0
1371 1 0
1372 1 0
1373 1 0
1374 1 0
1375 1 0
1376 1 0
1377 1 0
1378 1 0
1379 1 0
1380 1 0
1381 1 0
1382 1 0
1383 1 0
1384 1 0
1385 1 0
1386 1 0
1387 1 0
1388 1 0
1389 1 0
1390 1 0
1391 1 0
1392 1 0
1393 1 0
1394 1 0
1395 1 0
1396 1 0
1397 1 0
1398 1 0
1399 1 0
1400 1 0
1401 1 0
1402 1 0
1403 1 0
1404 1 0
1405 1 0
1406 1 0
1407 1 0
1408 1 0
1409 1 0
1410 1 0
1411 1 0
1412 1 0
1413 1 0
1414 1 0
1415 1 0
1416 1 0
1417 1 0
1418 1 0
1419 1 0
1420 1 0
1421 1 0
1422 1 0
1423 1 0
1424 1 0
1425 1 0
1426 1 0
1427 1 0
1428 1 0
1429 1 0
1430 1 0
1431 1 0
1432 1 0
1433 1 0
1434 1 0
1435 1 0
1436 1 0
1437 1 0
1438 1 0
1439 1 0
1440 1 0
1441 1 0
1442 1 0
1443 1 0
1444 1 0
1445 1 0
1446 1 0
1447 1 0
1448 1 0
1449 1 0
1450 1 0
1451 1 0
1452 1 0
1453 1 0
1454 1 0
1455 1 0
1456 1 0
1457 1 0
1458 1 0
1459 1 0
1460 1 0
1461 1 0
1462 1 0
1463 1 0
1464 1 0
1465 1 0
1466 1 0
1467 1 0
1468 1 0
1469 1 0
1470 1 0
1471 1 0
1472 1 0
1473 1 0
1474 1 0
1475 1 0
1476 1 0
1477 1 0
1478 1 0
1479 1 0
1480 1 0
1481 1 0
1482 1 0
1483 1 0
1484 1 0
1485 1 0
1486 1 0
1487 1 0
1488 1 0
1489 1 0
1490 1 0
1491 1 0
1492 1 0
1493 1 0
1494 1 0
1495 1 0
1496 1 0
1497 1 0
1498 1 0
1499 1 0
1500 1 0
1501 1 0
1502 1 0
1503 1 0
1504 1 0
1505 1 0
1506 1 0
1507 1 0
1508 1 0